0  2  5.000000 100.000000 687.0 1
0  4  3.463862 168.075749 669.0 1
0  8  6.054861  29.051954 664.0 1
0  7  3.166775 240.431433 663.0 1
0  9  4.120554  51.688505 657.0 1
0  6 14.243846  86.103319 650.0 1
0  5  3.642007  25.134640 648.0 1
0 10  3.970950  90.171486 646.0 1
0  3 13.250630  52.530240 644.0 1
0 11  9.871971  59.054169 644.0 1
0  1  5.000000 100.000000 638.0 1
0  0  5.000000 100.000000 628.0 1
1  2 6.054861  29.051954 687.0 1
1  0 5.000000 100.000000 678.0 1
1  3 5.128259 198.741386 665.0 1
1  8 3.217646 231.048592 664.0 1
1  7 2.298249 143.119782 663.0 1
1  4 7.093132 171.764546 662.0 1
1 11 4.009064  28.832032 661.0 1
1  6 5.947064  95.866165 659.0 1
1  9 3.998283  17.495827 657.0 1
1  5 2.583297 135.188052 648.0 1
1  1 3.463862 168.075749 647.0 1
1 10 4.772209  19.420672 646.0 1
2  0  6.054861  29.051954 703.0 1
2 11  6.140268 161.160180 682.0 1
2  2  5.128259 198.741386 676.0 1
2  4  6.969272  25.893305 669.0 1
2  8  5.154770 352.596121 664.0 1
2  6  3.193581  68.236035 662.0 1
2  9  5.511636 160.879318 655.0 1
2  3  3.097128  45.345560 652.0 1
2  5 16.391168  17.056108 648.0 1
2 10  7.426748 100.132418 646.0 1
2  7 13.803341 112.136791 641.0 1
2  1  5.000000 100.000000 638.0 1
3  2  5.128259 198.741386 676.0 1
3  3  5.341598  50.792414 669.0 1
3  4  8.609233  34.482024 669.0 1
3  9 10.112212  85.979304 667.0 1
3  8  8.353046 154.015886 664.0 1
3  6  3.904890 134.766423 662.0 1
3 11 19.031803 146.837259 657.0 1
3  5 10.016677  49.410871 648.0 1
3  7 13.021336 216.049958 647.0 1
3  1  6.140268 161.160180 637.0 1
3 10 12.764352  83.557593 637.0 1
3  0  6.054861  29.051954 633.0 1
4  2 8.609233  34.482024 687.0 1
4  4 8.675192 165.385978 673.0 1
4  3 5.645103  59.067667 669.0 1
4  8 4.674527  64.960409 664.0 1
4 11 5.757123  67.906279 661.0 1
4  6 6.132372  45.028344 659.0 1
4  0 5.128259 198.741386 658.0 1
4  9 9.696986  43.249100 657.0 1
4  1 5.341598  50.792414 649.0 1
4  5 6.197507 326.617316 648.0 1
4  7 8.437884  56.808380 647.0 1
4 10 9.246457  37.096808 627.0 1
0  2 5.000000 100.000000 687.0 2
0 11 6.909332 202.384817 682.0 2
0  4 4.834017  34.093571 669.0 2
0  8 2.650283 395.636157 664.0 2
0  7 2.368519 139.218218 663.0 2
0  6 6.760973  57.960724 659.0 2
0  9 5.126184  69.928575 657.0 2
0  5 1.387801  60.347635 648.0 2
0 10 2.556611  98.858733 646.0 2
0  0 5.000000 100.000000 645.0 2
0  3 3.893791 267.557012 642.0 2
0  1 5.000000 100.000000 638.0 2
1  2  4.834017  34.093571 687.0 2
1  4  5.027149 116.642355 669.0 2
1  1  6.909332 202.384817 664.0 2
1  8  4.712789 184.578307 664.0 2
1  7  5.996419  86.266434 663.0 2
1  3  3.192216  91.040975 662.0 2
1 11  1.121668  77.083492 661.0 2
1  6  5.638284  99.246191 659.0 2
1  9  4.113374  36.479291 657.0 2
1  5  2.952266  55.251902 648.0 2
1 10 18.439551  42.579612 637.0 2
1  0  5.000000 100.000000 611.0 2
2  2  6.909332 202.384817 671.0 2
2  3  6.532516  47.205970 669.0 2
2  4  2.912901  28.247471 669.0 2
2  8 12.127309 120.048378 665.0 2
2  6  1.638856  95.364468 662.0 2
2  9  4.201290 161.017879 657.0 2
2 11 12.592387 193.540823 655.0 2
2  1  5.027149 116.642355 654.0 2
2  5  4.834045  54.147721 648.0 2
2 10  7.282681 161.542661 646.0 2
2  7 14.204572 168.328415 640.0 2
2  0  4.834017  34.093571 620.0 2
3  4 14.878250 230.405436 708.0 2
3  2  2.912901  28.247471 687.0 2
3  8  6.379247  48.534442 664.0 2
3  7  6.033907  13.878301 663.0 2
3  6  5.079446  57.404485 662.0 2
3 11  3.989746  46.827830 661.0 2
3  9  1.939721  43.911299 657.0 2
3  0  6.909332 202.384817 653.0 2
3  3  8.961796 274.570666 653.0 2
3  1  6.532516  47.205970 649.0 2
3  5  4.721211  66.353963 648.0 2
3 10  1.228122  19.087883 646.0 2
4  2  6.379247  48.534442 687.0 2
4  8  2.599887  59.735810 664.0 2
4  7  0.859908  46.331669 663.0 2
4  6  4.420361  26.968586 662.0 2
4  3 11.834163 596.174110 660.0 2
4  9  5.006388 100.786566 657.0 2
4  4 15.483793  46.719930 656.0 2
4 11 14.489022  59.907804 652.0 2
4  5  7.695664 218.103331 648.0 2
4 10  2.779688  36.784276 646.0 2
4  0 14.878250 230.405436 642.0 2
4  1  2.912901  28.247471 635.0 2
0  3 14.623283  32.690175 698.0 3
0  2  5.000000 100.000000 687.0 3
0  4  6.497021  84.667961 685.0 3
0  8  4.870258 170.024682 664.0 3
0  7  3.432324  45.460842 663.0 3
0  6  4.757836  75.101413 662.0 3
0 11  5.152377  39.538853 661.0 3
0  9  8.484396  78.442333 657.0 3
0  5  5.298037  80.827302 648.0 3
0  0  5.000000 100.000000 641.0 3
0  1  5.000000 100.000000 638.0 3
0 10 13.945847  72.092803 637.0 3
1  2  6.497021  84.667961 687.0 3
1  4  7.553223  79.739381 685.0 3
1  8  7.276026  87.108263 664.0 3
1  7  3.259722  63.046237 663.0 3
1  6  2.705176  90.818424 662.0 3
1  0 14.623283  32.690175 661.0 3
1 11  3.079816  19.831813 661.0 3
1  9 10.159179  58.141932 657.0 3
1  5  7.182066  37.679053 648.0 3
1  3 26.364949  28.895464 639.0 3
1  1  5.000000 100.000000 638.0 3
1 10 21.263889  52.272876 621.0 3
2  2  7.276026  87.108263 687.0 3
2  4  3.514926  31.968978 669.0 3
2  8  5.280309  81.173746 664.0 3
2  7  2.654058  47.201902 663.0 3
2  3  3.732464  78.224956 662.0 3
2  6  6.099531  56.014296 659.0 3
2  9  1.888212 145.304343 657.0 3
2 11 13.363070 170.508670 653.0 3
2  0  6.497021  84.667961 648.0 3
2 10  6.196148 169.366372 646.0 3
2  5 12.752542 124.803754 641.0 3
2  1  7.553223  79.739381 638.0 3
3  2  5.280309  81.173746 687.0 3
3 11  6.867174 139.239425 682.0 3
3  9  5.787799 259.817365 671.0 3
3  4  3.719557  60.668262 669.0 3
3  8  3.122299  34.992583 664.0 3
3  6  6.592330  92.717109 659.0 3
3  3 17.762878  28.520355 650.0 3
3  0  7.276026  87.108263 649.0 3
3  5 12.086449  27.618022 648.0 3
3  7  7.824510  21.326053 647.0 3
3 10  2.788399  43.887667 646.0 3
3  1  3.514926  31.968978 635.0 3
4  3  4.812807 121.792857 691.0 3
4  2  5.787799 259.817365 688.0 3
4  8  3.017266  84.221276 664.0 3
4  6  2.972176 160.666831 662.0 3
4  4 15.268029 119.401270 661.0 3
4 11  5.704694 145.020432 661.0 3
4  9  6.314130 152.442045 655.0 3
4  5  7.058677  94.258772 648.0 3
4  7 15.827522 201.268771 642.0 3
4  1  6.867174 139.239425 637.0 3
4  0  5.280309  81.173746 635.0 3
4 10 11.663700  45.174659 627.0 3
